0.05724,0.98316,-10.048,99.934,-841.83,5977.2,-36191,189310,-865320,3490400,-12526000,40268000,-116630000,305840000,-729050000,1585400000,-3154100000,5755500000,-9652700000,14905000000,-21218000000,27879000000,-33838000000,37962000000,-39377000000,37769000000,-33493000000,27450000000,-20778000000,14513000000,-9343700000,5536100000,-3013300000,1503400000,-685740000,285060000,-107590000,36710000,-11262000,3086600,-749910,159940,-29584,4670.8,-616.2,65.909,-5.4546,0.32035,-0.010031,0.00061002
0.98316,17.001,-171.52,1711.7,-14437,102590,-621630,3253800,-14883000,60074000,-215740000,694070000,-2011800000,5279600000,-12596000000,27415000000,-54593000000,99717000000,-167410000000,258790000000,-368840000000,485250000000,-589780000000,662620000000,-688410000000,661430000000,-587640000000,482590000000,-366110000000,256350000000,-165480000000,98344000000,-53709000000,26898000000,-12321000000,5147000000,-1953700000,670980000,-207450000,57392000,-14104000,3051400,-574890,93025,-12703,1431.4,-129.31,9.0964,-0.52301,-0.010031
-10.048,-171.52,1780.8,-17672,148900,-1057900,6411400,-33570000,153620000,-620400000,2229300000,-7176400000,20816000000,-54666000000,130520000000,-284320000000,566690000000,-1036100000000,1741200000000,-2694500000000,3844800000000,-5064600000000,6163900000000,-6935100000000,7216300000000,-6945000000000,6181500000000,-5086500000000,3867200000000,-2714200000000,1756700000000,-1047000000000,573630000000,-288310000000,132600000000,-55646000000,21232000000,-7336100000,2284200000,-637180000,158150000,-34635000,6625100,-1093200,153220,-17904,1708.4,-131.69,9.0964,0.32035
99.934,1711.7,-17672,175690,-1481600,10534000,-63883000,334710000,-1532700000,6194200000,-22274000000,71756000000,-208300000000,547480000000,-1308300000000,2852500000000,-5690900000000,10415000000000,-17523000000000,27147000000000,-38783000000000,51154000000000,-62342000000000,70247000000000,-73211000000000,70580000000000,-62936000000000,51891000000000,-39537000000000,27815000000000,-18049000000000,10788000000000,-5929100000000,2990400000000,-1380700000000,581940000000,-223150000000,77536000000,-24298000000,6829500000,-1710300000,378560000,-73357000,12301000,-1760000,211360,-20948,1708.4,-129.31,-5.4546
-841.83,-14437,148900,-1481600,12502000,-88945000,539730000,-2829700000,12967000000,-52438000000,188700000000,-608370000000,1767400000000,-4649300000000,11120000000000,-24268000000000,48463000000000,-88786000000000,149540000000000,-231940000000000,331770000000000,-438160000000000,534730000000000,-603430000000000,629890000000000,-608290000000000,543410000000000,-448920000000000,342780000000000,-241720000000000,157250000000000,-94244000000000,51954000000000,-26291000000000,12184000000000,-5156600000000,1986500000000,-693850000000,218740000000,-61903000000,15625000000,-3490900000,684020000,-116250000,16913000,-2074400,211360,-17904,1431.4,65.909
5977.2,102590,-1057900,10534000,-88945000,633200000,-3844800000,20171000000,-92492000000,374320000000,-1348000000000,4349300000000,-12646000000000,33295000000000,-79706000000000,174110000000000,-348040000000000,638300000000000,-1076200000000000,1671200000000000,-2393600000000000,3165300000000000,-3.8684E+015,4371900000000000,-4570900000000000,4421600000000000,-3.9572E+015,3275600000000000,-2506400000000000,1771500000000000,-1155300000000000,694260000000000,-383850000000000,194870000000000,-90630000000000,38507000000000,-14899000000000,5229500000000,-1657700000000,472040000000,-120000000000,27032000000,-5348000000,919340000,-135590000,16913000,-1760000,153220,-12703,-616.2
-36191,-621630,6411400,-63883000,539730000,-3844800000,23361000000,-122640000000,562770000000,-2279200000000,8214300000000,-26525000000000,77188000000000,-203400000000000,487390000000000,-1.0657E+015,2.1325E+015,-3915100000000000,6608800000000000,-1.0275E+016,1.4734E+016,-1.9511E+016,2.3878E+016,-2.7027E+016,2.8302E+016,-2.7425E+016,2.4589E+016,-2.0393E+016,1.5637E+016,-1.1077E+016,7241200000000000,-4363100000000000,2419200000000000,-1232000000000000,574900000000000,-245180000000000,95252000000000,-33585000000000,10700000000000,-3064500000000,784070000000,-177920000000,35497000000,-6162000000,919340000,-116250000,12301000,-1093200,93025,4670.8
189310,3253800,-33570000,334710000,-2829700000,20171000000,-122640000000,644320000000,-2958800000000,11992000000000,-43254000000000,139790000000000,-407150000000000,1.0739E+015,-2575700000000000,5637300000000000,-1.1292E+016,2.0755E+016,-3.5075E+016,5.4598E+016,-7.8394E+016,1.0395E+017,-1.274E+017,1.4442E+017,-1.5147E+017,1.4703E+017,-1.3206E+017,1.0974E+017,-8.4321E+016,5.9862E+016,-3.9227E+016,2.3696E+016,-1.3175E+016,6729400000000000,-3150600000000000,1348400000000000,-525880000000000,186210000000000,-59608000000000,17160000000000,-4416400000000,1008800000000,-202760000000,35497000000,-5348000000,684020000,-73357000,6625100,-574890,-29584
-865320,-14883000,153620000,-1532700000,12967000000,-92492000000,562770000000,-2958800000000,13597000000000,-55155000000000,199100000000000,-644020000000000,1.8774E+015,-4956500000000000,1.19E+016,-2.6071E+016,5.228E+016,-9.6197E+016,1.6276E+017,-2.5367E+017,3.647E+017,-4.8425E+017,5.9436E+017,-6.7477E+017,7.0888E+017,-6.8924E+017,6.2021E+017,-5.1637E+017,3.9757E+017,-2.8286E+017,1.8579E+017,-1.1251E+017,6.2723E+016,-3.213E+016,1.5089E+016,-6479700000000000,2536500000000000,-901760000000000,289920000000000,-83868000000000,21699000000000,-4985800000000,1008800000000,-177920000000,27032000000,-3490900000,378560000,-34635000,3051400,159940
3490400,60074000,-620400000,6194200000,-52438000000,374320000000,-2279200000000,11992000000000,-55155000000000,223910000000000,-808990000000000,2619100000000000,-7642200000000000,2.0195E+016,-4.8535E+016,1.0645E+017,-2.1369E+017,3.9365E+017,-6.6684E+017,1.0406E+018,-1.4981E+018,1.9919E+018,-2.4483E+018,2.7838E+018,-2.9293E+018,2.853E+018,-2.5719E+018,2.1454E+018,-1.6551E+018,1.1801E+018,-7.7688E+017,4.7161E+017,-2.636E+017,1.3541E+017,-6.3782E+016,2.7478E+016,-1.0793E+016,3851700000000000,-1243400000000000,361300000000000,-93935000000000,21699000000000,-4416400000000,784070000000,-120000000000,15625000000,-1710300000,158150000,-14104000,-749910
-12526000,-215740000,2229300000,-22274000000,188700000000,-1348000000000,8214300000000,-43254000000000,199100000000000,-808990000000000,2925500000000000,-9.48E+015,2.7688E+016,-7.3241E+016,1.762E+017,-3.8686E+017,7.775E+017,-1.4339E+018,2.4321E+018,-3.8001E+018,5.4779E+018,-7.2939E+018,8.9786E+018,-1.0225E+019,1.0776E+019,-1.0514E+019,9.4947E+018,-7.935E+018,6.134E+018,-4.3828E+018,2.8917E+018,-1.7596E+018,9.8601E+017,-5.0785E+017,2.3991E+017,-1.0367E+017,4.0857E+016,-1.4632E+016,4741500000000000,-1383400000000000,361300000000000,-83868000000000,17160000000000,-3064500000000,472040000000,-61903000000,6829500000,-637180000,57392000,3086600
40268000,694070000,-7176400000,71756000000,-608370000000,4349300000000,-26525000000000,139790000000000,-644020000000000,2619100000000000,-9.48E+015,3.0749E+016,-8.9897E+016,2.3805E+017,-5.7329E+017,1.2601E+018,-2.5354E+018,4.6818E+018,-7.9505E+018,1.2439E+019,-1.7955E+019,2.3941E+019,-2.9515E+019,3.3663E+019,-3.5537E+019,3.473E+019,-3.142E+019,2.6308E+019,-2.0377E+019,1.459E+019,-9.6475E+018,5.8841E+018,-3.3053E+018,1.7069E+018,-8.0854E+017,3.5042E+017,-1.3853E+017,4.9778E+016,-1.6189E+016,4741500000000000,-1243400000000000,289920000000000,-59608000000000,10700000000000,-1657700000000,218740000000,-24298000000,2284200000,-207450000,-11262000
-116630000,-2011800000,20816000000,-208300000000,1767400000000,-12646000000000,77188000000000,-407150000000000,1.8774E+015,-7642200000000000,2.7688E+016,-8.9897E+016,2.6309E+017,-6.974E+017,1.6814E+018,-3.7E+018,7.4535E+018,-1.378E+019,2.3431E+019,-3.6707E+019,5.3059E+019,-7.0851E+019,8.7476E+019,-9.9927E+019,1.0566E+020,-1.0344E+020,9.3746E+019,-7.864E+019,6.103E+019,-4.3787E+019,2.9016E+019,-1.7737E+019,9.9874E+018,-5.1705E+018,2.4558E+018,-1.0673E+018,4.2321E+017,-1.5255E+017,4.9778E+016,-1.4632E+016,3851700000000000,-901760000000000,186210000000000,-33585000000000,5229500000000,-693850000000,77536000000,-7336100000,670980000,36710000
305840000,5279600000,-54666000000,547480000000,-4649300000000,33295000000000,-203400000000000,1.0739E+015,-4956500000000000,2.0195E+016,-7.3241E+016,2.3805E+017,-6.974E+017,1.8507E+018,-4.467E+018,9.8414E+018,-1.9849E+019,3.6743E+019,-6.2558E+019,9.8137E+019,-1.4205E+020,1.8996E+020,-2.3489E+020,2.6875E+020,-2.8463E+020,2.7912E+020,-2.5342E+020,2.1298E+020,-1.656E+020,1.1906E+020,-7.906E+019,4.8436E+019,-2.7336E+019,1.4186E+019,-6.7552E+018,2.9439E+018,-1.1706E+018,4.2321E+017,-1.3853E+017,4.0857E+016,-1.0793E+016,2536500000000000,-525880000000000,95252000000000,-14899000000000,1986500000000,-223150000000,21232000000,-1953700000,-107590000
-729050000,-12596000000,130520000000,-1308300000000,11120000000000,-79706000000000,487390000000000,-2575700000000000,1.19E+016,-4.8535E+016,1.762E+017,-5.7329E+017,1.6814E+018,-4.467E+018,1.0795E+019,-2.3811E+019,4.8084E+019,-8.9125E+019,1.5194E+020,-2.3868E+020,3.4599E+020,-4.6336E+020,5.7383E+020,-6.5757E+020,6.9759E+020,-6.8523E+020,6.2324E+020,-5.2474E+020,4.088E+020,-2.9448E+020,1.9596E+020,-1.2032E+020,6.8056E+019,-3.5402E+019,1.6899E+019,-7.3835E+018,2.9439E+018,-1.0673E+018,3.5042E+017,-1.0367E+017,2.7478E+016,-6479700000000000,1348400000000000,-245180000000000,38507000000000,-5156600000000,581940000000,-55646000000,5147000000,285060000
1585400000,27415000000,-284320000000,2852500000000,-24268000000000,174110000000000,-1.0657E+015,5637300000000000,-2.6071E+016,1.0645E+017,-3.8686E+017,1.2601E+018,-3.7E+018,9.8414E+018,-2.3811E+019,5.2587E+019,-1.0633E+020,1.9735E+020,-3.369E+020,5.2997E+020,-7.6935E+020,1.0319E+021,-1.2798E+021,1.469E+021,-1.5609E+021,1.5359E+021,-1.3994E+021,1.1804E+021,-9.2133E+020,6.6498E+020,-4.4341E+020,2.7282E+020,-1.5466E+020,8.0635E+019,-3.8582E+019,1.6899E+019,-6.7552E+018,2.4558E+018,-8.0854E+017,2.3991E+017,-6.3782E+016,1.5089E+016,-3150600000000000,574900000000000,-90630000000000,12184000000000,-1380700000000,132600000000,-12321000000,-685740000
-3154100000,-54593000000,566690000000,-5690900000000,48463000000000,-348040000000000,2.1325E+015,-1.1292E+016,5.228E+016,-2.1369E+017,7.775E+017,-2.5354E+018,7.4535E+018,-1.9849E+019,4.8084E+019,-1.0633E+020,2.1529E+020,-4.001E+020,6.8399E+020,-1.0775E+021,1.5665E+021,-2.1042E+021,2.6139E+021,-3.005E+021,3.1984E+021,-3.1524E+021,2.8773E+021,-2.4314E+021,1.9014E+021,-1.375E+021,9.1867E+020,-5.664E+020,3.2177E+020,-1.6814E+020,8.0635E+019,-3.5402E+019,1.4186E+019,-5.1705E+018,1.7069E+018,-5.0785E+017,1.3541E+017,-3.213E+016,6729400000000000,-1232000000000000,194870000000000,-26291000000000,2990400000000,-288310000000,26898000000,1503400000
5755500000,99717000000,-1036100000000,10415000000000,-88786000000000,638300000000000,-3915100000000000,2.0755E+016,-9.6197E+016,3.9365E+017,-1.4339E+018,4.6818E+018,-1.378E+019,3.6743E+019,-8.9125E+019,1.9735E+020,-4.001E+020,7.4461E+020,-1.2747E+021,2.0111E+021,-2.9281E+021,3.9391E+021,-4.9011E+021,5.6434E+021,-6.0166E+021,5.9402E+021,-5.4313E+021,4.5979E+021,-3.6022E+021,2.6099E+021,-1.7472E+021,1.0794E+021,-6.1448E+020,3.2177E+020,-1.5466E+020,6.8056E+019,-2.7336E+019,9.9874E+018,-3.3053E+018,9.8601E+017,-2.636E+017,6.2723E+016,-1.3175E+016,2419200000000000,-383850000000000,51954000000000,-5929100000000,573630000000,-53709000000,-3013300000
-9652700000,-167410000000,1741200000000,-17523000000000,149540000000000,-1076200000000000,6608800000000000,-3.5075E+016,1.6276E+017,-6.6684E+017,2.4321E+018,-7.9505E+018,2.3431E+019,-6.2558E+019,1.5194E+020,-3.369E+020,6.8399E+020,-1.2747E+021,2.1854E+021,-3.4529E+021,5.035E+021,-6.7842E+021,8.4543E+021,-9.7506E+021,1.0413E+022,-1.0298E+022,9.4323E+021,-7.9992E+021,6.2784E+021,-4.5575E+021,3.0568E+021,-1.8922E+021,1.0794E+021,-5.664E+020,2.7282E+020,-1.2032E+020,4.8436E+019,-1.7737E+019,5.8841E+018,-1.7596E+018,4.7161E+017,-1.1251E+017,2.3696E+016,-4363100000000000,694260000000000,-94244000000000,10788000000000,-1047000000000,98344000000,5536100000
14905000000,258790000000,-2694500000000,27147000000000,-231940000000000,1671200000000000,-1.0275E+016,5.4598E+016,-2.5367E+017,1.0406E+018,-3.8001E+018,1.2439E+019,-3.6707E+019,9.8137E+019,-2.3868E+020,5.2997E+020,-1.0775E+021,2.0111E+021,-3.4529E+021,5.4638E+021,-7.9795E+021,1.0768E+022,-1.3441E+022,1.5527E+022,-1.6609E+022,1.6454E+022,-1.5097E+022,1.2826E+022,-1.0085E+022,7.3344E+021,-4.9287E+021,3.0568E+021,-1.7472E+021,9.1867E+020,-4.4341E+020,1.9596E+020,-7.906E+019,2.9016E+019,-9.6475E+018,2.8917E+018,-7.7688E+017,1.8579E+017,-3.9227E+016,7241200000000000,-1155300000000000,157250000000000,-18049000000000,1756700000000,-165480000000,-9343700000
-21218000000,-368840000000,3844800000000,-38783000000000,331770000000000,-2393600000000000,1.4734E+016,-7.8394E+016,3.647E+017,-1.4981E+018,5.4779E+018,-1.7955E+019,5.3059E+019,-1.4205E+020,3.4599E+020,-7.6935E+020,1.5665E+021,-2.9281E+021,5.035E+021,-7.9795E+021,1.1672E+022,-1.5776E+022,1.9724E+022,-2.2823E+022,2.4454E+022,-2.4267E+022,2.2304E+022,-1.8982E+022,1.4953E+022,-1.0894E+022,7.3344E+021,-4.5575E+021,2.6099E+021,-1.375E+021,6.6498E+020,-2.9448E+020,1.1906E+020,-4.3787E+019,1.459E+019,-4.3828E+018,1.1801E+018,-2.8286E+017,5.9862E+016,-1.1077E+016,1771500000000000,-241720000000000,27815000000000,-2714200000000,256350000000,14513000000
27879000000,485250000000,-5064600000000,51154000000000,-438160000000000,3165300000000000,-1.9511E+016,1.0395E+017,-4.8425E+017,1.9919E+018,-7.2939E+018,2.3941E+019,-7.0851E+019,1.8996E+020,-4.6336E+020,1.0319E+021,-2.1042E+021,3.9391E+021,-6.7842E+021,1.0768E+022,-1.5776E+022,2.1359E+022,-2.6746E+022,3.1E+022,-3.3272E+022,3.3074E+022,-3.0451E+022,2.5961E+022,-2.0486E+022,1.4953E+022,-1.0085E+022,6.2784E+021,-3.6022E+021,1.9014E+021,-9.2133E+020,4.088E+020,-1.656E+020,6.103E+019,-2.0377E+019,6.134E+018,-1.6551E+018,3.9757E+017,-8.4321E+016,1.5637E+016,-2506400000000000,342780000000000,-39537000000000,3867200000000,-366110000000,-20778000000
-33838000000,-589780000000,6163900000000,-62342000000000,534730000000000,-3.8684E+015,2.3878E+016,-1.274E+017,5.9436E+017,-2.4483E+018,8.9786E+018,-2.9515E+019,8.7476E+019,-2.3489E+020,5.7383E+020,-1.2798E+021,2.6139E+021,-4.9011E+021,8.4543E+021,-1.3441E+022,1.9724E+022,-2.6746E+022,3.3548E+022,-3.8949E+022,4.1873E+022,-4.1695E+022,3.8455E+022,-3.2842E+022,2.5961E+022,-1.8982E+022,1.2826E+022,-7.9992E+021,4.5979E+021,-2.4314E+021,1.1804E+021,-5.2474E+020,2.1298E+020,-7.864E+019,2.6308E+019,-7.935E+018,2.1454E+018,-5.1637E+017,1.0974E+017,-2.0393E+016,3275600000000000,-448920000000000,51891000000000,-5086500000000,482590000000,27450000000
37962000000,662620000000,-6935100000000,70247000000000,-603430000000000,4371900000000000,-2.7027E+016,1.4442E+017,-6.7477E+017,2.7838E+018,-1.0225E+019,3.3663E+019,-9.9927E+019,2.6875E+020,-6.5757E+020,1.469E+021,-3.005E+021,5.6434E+021,-9.7506E+021,1.5527E+022,-2.2823E+022,3.1E+022,-3.8949E+022,4.5295E+022,-4.8778E+022,4.8654E+022,-4.4949E+022,3.8455E+022,-3.0451E+022,2.2304E+022,-1.5097E+022,9.4323E+021,-5.4313E+021,2.8773E+021,-1.3994E+021,6.2324E+020,-2.5342E+020,9.3746E+019,-3.142E+019,9.4947E+018,-2.5719E+018,6.2021E+017,-1.3206E+017,2.4589E+016,-3.9572E+015,543410000000000,-62936000000000,6181500000000,-587640000000,-33493000000
-39377000000,-688410000000,7216300000000,-73211000000000,629890000000000,-4570900000000000,2.8302E+016,-1.5147E+017,7.0888E+017,-2.9293E+018,1.0776E+019,-3.5537E+019,1.0566E+020,-2.8463E+020,6.9759E+020,-1.5609E+021,3.1984E+021,-6.0166E+021,1.0413E+022,-1.6609E+022,2.4454E+022,-3.3272E+022,4.1873E+022,-4.8778E+022,5.2618E+022,-5.2573E+022,4.8654E+022,-4.1695E+022,3.3074E+022,-2.4267E+022,1.6454E+022,-1.0298E+022,5.9402E+021,-3.1524E+021,1.5359E+021,-6.8523E+020,2.7912E+020,-1.0344E+020,3.473E+019,-1.0514E+019,2.853E+018,-6.8924E+017,1.4703E+017,-2.7425E+016,4421600000000000,-608290000000000,70580000000000,-6945000000000,661430000000,37769000000
37769000000,661430000000,-6945000000000,70580000000000,-608290000000000,4421600000000000,-2.7425E+016,1.4703E+017,-6.8924E+017,2.853E+018,-1.0514E+019,3.473E+019,-1.0344E+020,2.7912E+020,-6.8523E+020,1.5359E+021,-3.1524E+021,5.9402E+021,-1.0298E+022,1.6454E+022,-2.4267E+022,3.3074E+022,-4.1695E+022,4.8654E+022,-5.2573E+022,5.2618E+022,-4.8778E+022,4.1873E+022,-3.3272E+022,2.4454E+022,-1.6609E+022,1.0413E+022,-6.0166E+021,3.1984E+021,-1.5609E+021,6.9759E+020,-2.8463E+020,1.0566E+020,-3.5537E+019,1.0776E+019,-2.9293E+018,7.0888E+017,-1.5147E+017,2.8302E+016,-4570900000000000,629890000000000,-73211000000000,7216300000000,-688410000000,-39377000000
-33493000000,-587640000000,6181500000000,-62936000000000,543410000000000,-3.9572E+015,2.4589E+016,-1.3206E+017,6.2021E+017,-2.5719E+018,9.4947E+018,-3.142E+019,9.3746E+019,-2.5342E+020,6.2324E+020,-1.3994E+021,2.8773E+021,-5.4313E+021,9.4323E+021,-1.5097E+022,2.2304E+022,-3.0451E+022,3.8455E+022,-4.4949E+022,4.8654E+022,-4.8778E+022,4.5295E+022,-3.8949E+022,3.1E+022,-2.2823E+022,1.5527E+022,-9.7506E+021,5.6434E+021,-3.005E+021,1.469E+021,-6.5757E+020,2.6875E+020,-9.9927E+019,3.3663E+019,-1.0225E+019,2.7838E+018,-6.7477E+017,1.4442E+017,-2.7027E+016,4371900000000000,-603430000000000,70247000000000,-6935100000000,662620000000,37962000000
27450000000,482590000000,-5086500000000,51891000000000,-448920000000000,3275600000000000,-2.0393E+016,1.0974E+017,-5.1637E+017,2.1454E+018,-7.935E+018,2.6308E+019,-7.864E+019,2.1298E+020,-5.2474E+020,1.1804E+021,-2.4314E+021,4.5979E+021,-7.9992E+021,1.2826E+022,-1.8982E+022,2.5961E+022,-3.2842E+022,3.8455E+022,-4.1695E+022,4.1873E+022,-3.8949E+022,3.3548E+022,-2.6746E+022,1.9724E+022,-1.3441E+022,8.4543E+021,-4.9011E+021,2.6139E+021,-1.2798E+021,5.7383E+020,-2.3489E+020,8.7476E+019,-2.9515E+019,8.9786E+018,-2.4483E+018,5.9436E+017,-1.274E+017,2.3878E+016,-3.8684E+015,534730000000000,-62342000000000,6163900000000,-589780000000,-33838000000
-20778000000,-366110000000,3867200000000,-39537000000000,342780000000000,-2506400000000000,1.5637E+016,-8.4321E+016,3.9757E+017,-1.6551E+018,6.134E+018,-2.0377E+019,6.103E+019,-1.656E+020,4.088E+020,-9.2133E+020,1.9014E+021,-3.6022E+021,6.2784E+021,-1.0085E+022,1.4953E+022,-2.0486E+022,2.5961E+022,-3.0451E+022,3.3074E+022,-3.3272E+022,3.1E+022,-2.6746E+022,2.1359E+022,-1.5776E+022,1.0768E+022,-6.7842E+021,3.9391E+021,-2.1042E+021,1.0319E+021,-4.6336E+020,1.8996E+020,-7.0851E+019,2.3941E+019,-7.2939E+018,1.9919E+018,-4.8425E+017,1.0395E+017,-1.9511E+016,3165300000000000,-438160000000000,51154000000000,-5064600000000,485250000000,27879000000
14513000000,256350000000,-2714200000000,27815000000000,-241720000000000,1771500000000000,-1.1077E+016,5.9862E+016,-2.8286E+017,1.1801E+018,-4.3828E+018,1.459E+019,-4.3787E+019,1.1906E+020,-2.9448E+020,6.6498E+020,-1.375E+021,2.6099E+021,-4.5575E+021,7.3344E+021,-1.0894E+022,1.4953E+022,-1.8982E+022,2.2304E+022,-2.4267E+022,2.4454E+022,-2.2823E+022,1.9724E+022,-1.5776E+022,1.1672E+022,-7.9795E+021,5.035E+021,-2.9281E+021,1.5665E+021,-7.6935E+020,3.4599E+020,-1.4205E+020,5.3059E+019,-1.7955E+019,5.4779E+018,-1.4981E+018,3.647E+017,-7.8394E+016,1.4734E+016,-2393600000000000,331770000000000,-38783000000000,3844800000000,-368840000000,-21218000000
-9343700000,-165480000000,1756700000000,-18049000000000,157250000000000,-1155300000000000,7241200000000000,-3.9227E+016,1.8579E+017,-7.7688E+017,2.8917E+018,-9.6475E+018,2.9016E+019,-7.906E+019,1.9596E+020,-4.4341E+020,9.1867E+020,-1.7472E+021,3.0568E+021,-4.9287E+021,7.3344E+021,-1.0085E+022,1.2826E+022,-1.5097E+022,1.6454E+022,-1.6609E+022,1.5527E+022,-1.3441E+022,1.0768E+022,-7.9795E+021,5.4638E+021,-3.4529E+021,2.0111E+021,-1.0775E+021,5.2997E+020,-2.3868E+020,9.8137E+019,-3.6707E+019,1.2439E+019,-3.8001E+018,1.0406E+018,-2.5367E+017,5.4598E+016,-1.0275E+016,1671200000000000,-231940000000000,27147000000000,-2694500000000,258790000000,14905000000
5536100000,98344000000,-1047000000000,10788000000000,-94244000000000,694260000000000,-4363100000000000,2.3696E+016,-1.1251E+017,4.7161E+017,-1.7596E+018,5.8841E+018,-1.7737E+019,4.8436E+019,-1.2032E+020,2.7282E+020,-5.664E+020,1.0794E+021,-1.8922E+021,3.0568E+021,-4.5575E+021,6.2784E+021,-7.9992E+021,9.4323E+021,-1.0298E+022,1.0413E+022,-9.7506E+021,8.4543E+021,-6.7842E+021,5.035E+021,-3.4529E+021,2.1854E+021,-1.2747E+021,6.8399E+020,-3.369E+020,1.5194E+020,-6.2558E+019,2.3431E+019,-7.9505E+018,2.4321E+018,-6.6684E+017,1.6276E+017,-3.5075E+016,6608800000000000,-1076200000000000,149540000000000,-17523000000000,1741200000000,-167410000000,-9652700000
-3013300000,-53709000000,573630000000,-5929100000000,51954000000000,-383850000000000,2419200000000000,-1.3175E+016,6.2723E+016,-2.636E+017,9.8601E+017,-3.3053E+018,9.9874E+018,-2.7336E+019,6.8056E+019,-1.5466E+020,3.2177E+020,-6.1448E+020,1.0794E+021,-1.7472E+021,2.6099E+021,-3.6022E+021,4.5979E+021,-5.4313E+021,5.9402E+021,-6.0166E+021,5.6434E+021,-4.9011E+021,3.9391E+021,-2.9281E+021,2.0111E+021,-1.2747E+021,7.4461E+020,-4.001E+020,1.9735E+020,-8.9125E+019,3.6743E+019,-1.378E+019,4.6818E+018,-1.4339E+018,3.9365E+017,-9.6197E+016,2.0755E+016,-3915100000000000,638300000000000,-88786000000000,10415000000000,-1036100000000,99717000000,5755500000
1503400000,26898000000,-288310000000,2990400000000,-26291000000000,194870000000000,-1232000000000000,6729400000000000,-3.213E+016,1.3541E+017,-5.0785E+017,1.7069E+018,-5.1705E+018,1.4186E+019,-3.5402E+019,8.0635E+019,-1.6814E+020,3.2177E+020,-5.664E+020,9.1867E+020,-1.375E+021,1.9014E+021,-2.4314E+021,2.8773E+021,-3.1524E+021,3.1984E+021,-3.005E+021,2.6139E+021,-2.1042E+021,1.5665E+021,-1.0775E+021,6.8399E+020,-4.001E+020,2.1529E+020,-1.0633E+020,4.8084E+019,-1.9849E+019,7.4535E+018,-2.5354E+018,7.775E+017,-2.1369E+017,5.228E+016,-1.1292E+016,2.1325E+015,-348040000000000,48463000000000,-5690900000000,566690000000,-54593000000,-3154100000
-685740000,-12321000000,132600000000,-1380700000000,12184000000000,-90630000000000,574900000000000,-3150600000000000,1.5089E+016,-6.3782E+016,2.3991E+017,-8.0854E+017,2.4558E+018,-6.7552E+018,1.6899E+019,-3.8582E+019,8.0635E+019,-1.5466E+020,2.7282E+020,-4.4341E+020,6.6498E+020,-9.2133E+020,1.1804E+021,-1.3994E+021,1.5359E+021,-1.5609E+021,1.469E+021,-1.2798E+021,1.0319E+021,-7.6935E+020,5.2997E+020,-3.369E+020,1.9735E+020,-1.0633E+020,5.2587E+019,-2.3811E+019,9.8414E+018,-3.7E+018,1.2601E+018,-3.8686E+017,1.0645E+017,-2.6071E+016,5637300000000000,-1.0657E+015,174110000000000,-24268000000000,2852500000000,-284320000000,27415000000,1585400000
285060000,5147000000,-55646000000,581940000000,-5156600000000,38507000000000,-245180000000000,1348400000000000,-6479700000000000,2.7478E+016,-1.0367E+017,3.5042E+017,-1.0673E+018,2.9439E+018,-7.3835E+018,1.6899E+019,-3.5402E+019,6.8056E+019,-1.2032E+020,1.9596E+020,-2.9448E+020,4.088E+020,-5.2474E+020,6.2324E+020,-6.8523E+020,6.9759E+020,-6.5757E+020,5.7383E+020,-4.6336E+020,3.4599E+020,-2.3868E+020,1.5194E+020,-8.9125E+019,4.8084E+019,-2.3811E+019,1.0795E+019,-4.467E+018,1.6814E+018,-5.7329E+017,1.762E+017,-4.8535E+016,1.19E+016,-2575700000000000,487390000000000,-79706000000000,11120000000000,-1308300000000,130520000000,-12596000000,-729050000
-107590000,-1953700000,21232000000,-223150000000,1986500000000,-14899000000000,95252000000000,-525880000000000,2536500000000000,-1.0793E+016,4.0857E+016,-1.3853E+017,4.2321E+017,-1.1706E+018,2.9439E+018,-6.7552E+018,1.4186E+019,-2.7336E+019,4.8436E+019,-7.906E+019,1.1906E+020,-1.656E+020,2.1298E+020,-2.5342E+020,2.7912E+020,-2.8463E+020,2.6875E+020,-2.3489E+020,1.8996E+020,-1.4205E+020,9.8137E+019,-6.2558E+019,3.6743E+019,-1.9849E+019,9.8414E+018,-4.467E+018,1.8507E+018,-6.974E+017,2.3805E+017,-7.3241E+016,2.0195E+016,-4956500000000000,1.0739E+015,-203400000000000,33295000000000,-4649300000000,547480000000,-54666000000,5279600000,305840000
36710000,670980000,-7336100000,77536000000,-693850000000,5229500000000,-33585000000000,186210000000000,-901760000000000,3851700000000000,-1.4632E+016,4.9778E+016,-1.5255E+017,4.2321E+017,-1.0673E+018,2.4558E+018,-5.1705E+018,9.9874E+018,-1.7737E+019,2.9016E+019,-4.3787E+019,6.103E+019,-7.864E+019,9.3746E+019,-1.0344E+020,1.0566E+020,-9.9927E+019,8.7476E+019,-7.0851E+019,5.3059E+019,-3.6707E+019,2.3431E+019,-1.378E+019,7.4535E+018,-3.7E+018,1.6814E+018,-6.974E+017,2.6309E+017,-8.9897E+016,2.7688E+016,-7642200000000000,1.8774E+015,-407150000000000,77188000000000,-12646000000000,1767400000000,-208300000000,20816000000,-2011800000,-116630000
-11262000,-207450000,2284200000,-24298000000,218740000000,-1657700000000,10700000000000,-59608000000000,289920000000000,-1243400000000000,4741500000000000,-1.6189E+016,4.9778E+016,-1.3853E+017,3.5042E+017,-8.0854E+017,1.7069E+018,-3.3053E+018,5.8841E+018,-9.6475E+018,1.459E+019,-2.0377E+019,2.6308E+019,-3.142E+019,3.473E+019,-3.5537E+019,3.3663E+019,-2.9515E+019,2.3941E+019,-1.7955E+019,1.2439E+019,-7.9505E+018,4.6818E+018,-2.5354E+018,1.2601E+018,-5.7329E+017,2.3805E+017,-8.9897E+016,3.0749E+016,-9.48E+015,2619100000000000,-644020000000000,139790000000000,-26525000000000,4349300000000,-608370000000,71756000000,-7176400000,694070000,40268000
3086600,57392000,-637180000,6829500000,-61903000000,472040000000,-3064500000000,17160000000000,-83868000000000,361300000000000,-1383400000000000,4741500000000000,-1.4632E+016,4.0857E+016,-1.0367E+017,2.3991E+017,-5.0785E+017,9.8601E+017,-1.7596E+018,2.8917E+018,-4.3828E+018,6.134E+018,-7.935E+018,9.4947E+018,-1.0514E+019,1.0776E+019,-1.0225E+019,8.9786E+018,-7.2939E+018,5.4779E+018,-3.8001E+018,2.4321E+018,-1.4339E+018,7.775E+017,-3.8686E+017,1.762E+017,-7.3241E+016,2.7688E+016,-9.48E+015,2925500000000000,-808990000000000,199100000000000,-43254000000000,8214300000000,-1348000000000,188700000000,-22274000000,2229300000,-215740000,-12526000
-749910,-14104000,158150000,-1710300000,15625000000,-120000000000,784070000000,-4416400000000,21699000000000,-93935000000000,361300000000000,-1243400000000000,3851700000000000,-1.0793E+016,2.7478E+016,-6.3782E+016,1.3541E+017,-2.636E+017,4.7161E+017,-7.7688E+017,1.1801E+018,-1.6551E+018,2.1454E+018,-2.5719E+018,2.853E+018,-2.9293E+018,2.7838E+018,-2.4483E+018,1.9919E+018,-1.4981E+018,1.0406E+018,-6.6684E+017,3.9365E+017,-2.1369E+017,1.0645E+017,-4.8535E+016,2.0195E+016,-7642200000000000,2619100000000000,-808990000000000,223910000000000,-55155000000000,11992000000000,-2279200000000,374320000000,-52438000000,6194200000,-620400000,60074000,3490400
159940,3051400,-34635000,378560000,-3490900000,27032000000,-177920000000,1008800000000,-4985800000000,21699000000000,-83868000000000,289920000000000,-901760000000000,2536500000000000,-6479700000000000,1.5089E+016,-3.213E+016,6.2723E+016,-1.1251E+017,1.8579E+017,-2.8286E+017,3.9757E+017,-5.1637E+017,6.2021E+017,-6.8924E+017,7.0888E+017,-6.7477E+017,5.9436E+017,-4.8425E+017,3.647E+017,-2.5367E+017,1.6276E+017,-9.6197E+016,5.228E+016,-2.6071E+016,1.19E+016,-4956500000000000,1.8774E+015,-644020000000000,199100000000000,-55155000000000,13597000000000,-2958800000000,562770000000,-92492000000,12967000000,-1532700000,153620000,-14883000,-865320
-29584,-574890,6625100,-73357000,684020000,-5348000000,35497000000,-202760000000,1008800000000,-4416400000000,17160000000000,-59608000000000,186210000000000,-525880000000000,1348400000000000,-3150600000000000,6729400000000000,-1.3175E+016,2.3696E+016,-3.9227E+016,5.9862E+016,-8.4321E+016,1.0974E+017,-1.3206E+017,1.4703E+017,-1.5147E+017,1.4442E+017,-1.274E+017,1.0395E+017,-7.8394E+016,5.4598E+016,-3.5075E+016,2.0755E+016,-1.1292E+016,5637300000000000,-2575700000000000,1.0739E+015,-407150000000000,139790000000000,-43254000000000,11992000000000,-2958800000000,644320000000,-122640000000,20171000000,-2829700000,334710000,-33570000,3253800,189310
4670.8,93025,-1093200,12301000,-116250000,919340000,-6162000000,35497000000,-177920000000,784070000000,-3064500000000,10700000000000,-33585000000000,95252000000000,-245180000000000,574900000000000,-1232000000000000,2419200000000000,-4363100000000000,7241200000000000,-1.1077E+016,1.5637E+016,-2.0393E+016,2.4589E+016,-2.7425E+016,2.8302E+016,-2.7027E+016,2.3878E+016,-1.9511E+016,1.4734E+016,-1.0275E+016,6608800000000000,-3915100000000000,2.1325E+015,-1.0657E+015,487390000000000,-203400000000000,77188000000000,-26525000000000,8214300000000,-2279200000000,562770000000,-122640000000,23361000000,-3844800000,539730000,-63883000,6411400,-621630,-36191
-616.2,-12703,153220,-1760000,16913000,-135590000,919340000,-5348000000,27032000000,-120000000000,472040000000,-1657700000000,5229500000000,-14899000000000,38507000000000,-90630000000000,194870000000000,-383850000000000,694260000000000,-1155300000000000,1771500000000000,-2506400000000000,3275600000000000,-3.9572E+015,4421600000000000,-4570900000000000,4371900000000000,-3.8684E+015,3165300000000000,-2393600000000000,1671200000000000,-1076200000000000,638300000000000,-348040000000000,174110000000000,-79706000000000,33295000000000,-12646000000000,4349300000000,-1348000000000,374320000000,-92492000000,20171000000,-3844800000,633200000,-88945000,10534000,-1057900,102590,5977.2
65.909,1431.4,-17904,211360,-2074400,16913000,-116250000,684020000,-3490900000,15625000000,-61903000000,218740000000,-693850000000,1986500000000,-5156600000000,12184000000000,-26291000000000,51954000000000,-94244000000000,157250000000000,-241720000000000,342780000000000,-448920000000000,543410000000000,-608290000000000,629890000000000,-603430000000000,534730000000000,-438160000000000,331770000000000,-231940000000000,149540000000000,-88786000000000,48463000000000,-24268000000000,11120000000000,-4649300000000,1767400000000,-608370000000,188700000000,-52438000000,12967000000,-2829700000,539730000,-88945000,12502000,-1481600,148900,-14437,-841.83
-5.4546,-129.31,1708.4,-20948,211360,-1760000,12301000,-73357000,378560000,-1710300000,6829500000,-24298000000,77536000000,-223150000000,581940000000,-1380700000000,2990400000000,-5929100000000,10788000000000,-18049000000000,27815000000000,-39537000000000,51891000000000,-62936000000000,70580000000000,-73211000000000,70247000000000,-62342000000000,51154000000000,-38783000000000,27147000000000,-17523000000000,10415000000000,-5690900000000,2852500000000,-1308300000000,547480000000,-208300000000,71756000000,-22274000000,6194200000,-1532700000,334710000,-63883000,10534000,-1481600,175690,-17672,1711.7,99.934
0.32035,9.0964,-131.69,1708.4,-17904,153220,-1093200,6625100,-34635000,158150000,-637180000,2284200000,-7336100000,21232000000,-55646000000,132600000000,-288310000000,573630000000,-1047000000000,1756700000000,-2714200000000,3867200000000,-5086500000000,6181500000000,-6945000000000,7216300000000,-6935100000000,6163900000000,-5064600000000,3844800000000,-2694500000000,1741200000000,-1036100000000,566690000000,-284320000000,130520000000,-54666000000,20816000000,-7176400000,2229300000,-620400000,153620000,-33570000,6411400,-1057900,148900,-17672,1780.8,-171.52,-10.048
-0.010031,-0.52301,9.0964,-129.31,1431.4,-12703,93025,-574890,3051400,-14104000,57392000,-207450000,670980000,-1953700000,5147000000,-12321000000,26898000000,-53709000000,98344000000,-165480000000,256350000000,-366110000000,482590000000,-587640000000,661430000000,-688410000000,662620000000,-589780000000,485250000000,-368840000000,258790000000,-167410000000,99717000000,-54593000000,27415000000,-12596000000,5279600000,-2011800000,694070000,-215740000,60074000,-14883000,3253800,-621630,102590,-14437,1711.7,-171.52,17.001,0.98316
0.00061002,-0.010031,0.32035,-5.4546,65.909,-616.2,4670.8,-29584,159940,-749910,3086600,-11262000,36710000,-107590000,285060000,-685740000,1503400000,-3013300000,5536100000,-9343700000,14513000000,-20778000000,27450000000,-33493000000,37769000000,-39377000000,37962000000,-33838000000,27879000000,-21218000000,14905000000,-9652700000,5755500000,-3154100000,1585400000,-729050000,305840000,-116630000,40268000,-12526000,3490400,-865320,189310,-36191,5977.2,-841.83,99.934,-10.048,0.98316,0.05724
